{
 "cells": [
  {
   "cell_type": "code",
   "execution_count": 3,
   "id": "9ac39bd4-7e69-4732-a3ea-7611e7eea524",
   "metadata": {},
   "outputs": [],
   "source": [
    "import torch\n",
    "\n",
    "inputs = torch.tensor(\n",
    "    [[0.43, 0.15, 0.89], # your\n",
    "    [0.55,0.87,0.66], # journey\n",
    "    [0.57,0.85,0.64], # starts\n",
    "    [0.22,0.58,0.33], # with\n",
    "    [0.77,0.25,0.10], # one\n",
    "    [0.05,0.80,0.55]] #step\n",
    ")"
   ]
  },
  {
   "cell_type": "code",
   "execution_count": 4,
   "id": "ab64f360-0f55-4f9e-a0d7-87420f0d8b75",
   "metadata": {},
   "outputs": [
    {
     "name": "stdout",
     "output_type": "stream",
     "text": [
      "tensor([0.9544, 1.4950, 1.4754, 0.8434, 0.7070, 1.0865])\n"
     ]
    }
   ],
   "source": [
    "query = inputs[1]\n",
    "\n",
    "attn_scores_2 = torch.empty(inputs.shape[0])\n",
    "for i, x_i in enumerate(inputs):\n",
    "    attn_scores_2[i] = torch.dot(x_i, query)\n",
    "\n",
    "print(attn_scores_2)"
   ]
  },
  {
   "cell_type": "code",
   "execution_count": 5,
   "id": "9cd771bf-189e-4858-9e33-5de63dc95cea",
   "metadata": {},
   "outputs": [
    {
     "name": "stdout",
     "output_type": "stream",
     "text": [
      "Attention weights: tensor([0.1455, 0.2278, 0.2249, 0.1285, 0.1077, 0.1656])\n",
      "Sum: tensor(1.0000)\n"
     ]
    }
   ],
   "source": [
    "attn_weights_2_tmp = attn_scores_2 / attn_scores_2.sum()\n",
    "\n",
    "print(\"Attention weights:\", attn_weights_2_tmp)\n",
    "print(\"Sum:\", attn_weights_2_tmp.sum())"
   ]
  },
  {
   "cell_type": "code",
   "execution_count": 8,
   "id": "effe85aa-9058-4dc1-9101-207a4601daf0",
   "metadata": {},
   "outputs": [
    {
     "name": "stdout",
     "output_type": "stream",
     "text": [
      "Attention weights: tensor([0.1385, 0.2379, 0.2333, 0.1240, 0.1082, 0.1581])\n",
      "Sum: tensor(1.)\n"
     ]
    }
   ],
   "source": [
    "def softmax_naive(x):\n",
    "    return torch.exp(x) / torch.exp(x).sum(dim=0)\n",
    "\n",
    "attn_weights_2_naive = softmax_naive(attn_scores_2)\n",
    "\n",
    "print(\"Attention weights:\", attn_weights_2_naive)\n",
    "print(\"Sum:\", attn_weights_2_naive.sum())"
   ]
  },
  {
   "cell_type": "code",
   "execution_count": 9,
   "id": "77cc2591-4ec1-4d2e-a8ef-fb0cb46f2592",
   "metadata": {},
   "outputs": [
    {
     "name": "stdout",
     "output_type": "stream",
     "text": [
      "Attention weights: tensor([0.1385, 0.2379, 0.2333, 0.1240, 0.1082, 0.1581])\n",
      "Sum: tensor(1.)\n"
     ]
    }
   ],
   "source": [
    "attn_weights_2 = torch.softmax(attn_scores_2, dim=0)\n",
    "print(\"Attention weights:\", attn_weights_2)\n",
    "print(\"Sum:\", attn_weights_2.sum())"
   ]
  },
  {
   "cell_type": "code",
   "execution_count": 10,
   "id": "2c7b8819-a714-4d84-ad64-2b19eaca1fed",
   "metadata": {},
   "outputs": [
    {
     "name": "stdout",
     "output_type": "stream",
     "text": [
      "tensor([0.4419, 0.6515, 0.5683])\n"
     ]
    }
   ],
   "source": [
    "query = inputs[1]\n",
    "\n",
    "context_vec_2 = torch.zeros(query.shape)\n",
    "for i, x_i in enumerate(inputs):\n",
    "    context_vec_2 += attn_weights_2[i] * x_i\n",
    "\n",
    "print(context_vec_2)"
   ]
  },
  {
   "cell_type": "code",
   "execution_count": 11,
   "id": "b9750b77-aabb-4abd-a05b-2af4836f6675",
   "metadata": {},
   "outputs": [
    {
     "name": "stdout",
     "output_type": "stream",
     "text": [
      "tensor([[0.9995, 0.9544, 0.9422, 0.4753, 0.4576, 0.6310],\n",
      "        [0.9544, 1.4950, 1.4754, 0.8434, 0.7070, 1.0865],\n",
      "        [0.9422, 1.4754, 1.4570, 0.8296, 0.7154, 1.0605],\n",
      "        [0.4753, 0.8434, 0.8296, 0.4937, 0.3474, 0.6565],\n",
      "        [0.4576, 0.7070, 0.7154, 0.3474, 0.6654, 0.2935],\n",
      "        [0.6310, 1.0865, 1.0605, 0.6565, 0.2935, 0.9450]])\n"
     ]
    }
   ],
   "source": [
    "attn_scores = torch.empty(6,6)\n",
    "\n",
    "for i, x_i in enumerate(inputs):\n",
    "    for j, x_j in enumerate(inputs):\n",
    "        attn_scores[i,j] = torch.dot(x_i, x_j)\n",
    "\n",
    "print(attn_scores)"
   ]
  },
  {
   "cell_type": "code",
   "execution_count": 12,
   "id": "79b70b8c-4e8f-4ab1-96ff-adc49c2eb500",
   "metadata": {},
   "outputs": [
    {
     "name": "stdout",
     "output_type": "stream",
     "text": [
      "tensor([[0.9995, 0.9544, 0.9422, 0.4753, 0.4576, 0.6310],\n",
      "        [0.9544, 1.4950, 1.4754, 0.8434, 0.7070, 1.0865],\n",
      "        [0.9422, 1.4754, 1.4570, 0.8296, 0.7154, 1.0605],\n",
      "        [0.4753, 0.8434, 0.8296, 0.4937, 0.3474, 0.6565],\n",
      "        [0.4576, 0.7070, 0.7154, 0.3474, 0.6654, 0.2935],\n",
      "        [0.6310, 1.0865, 1.0605, 0.6565, 0.2935, 0.9450]])\n"
     ]
    }
   ],
   "source": [
    "attn_scores = inputs @ inputs.T\n",
    "print(attn_scores)"
   ]
  },
  {
   "cell_type": "code",
   "execution_count": 13,
   "id": "f5b4020f-fc43-41cb-bb64-4543a85fb488",
   "metadata": {},
   "outputs": [
    {
     "name": "stdout",
     "output_type": "stream",
     "text": [
      "tensor([[0.2098, 0.2006, 0.1981, 0.1242, 0.1220, 0.1452],\n",
      "        [0.1385, 0.2379, 0.2333, 0.1240, 0.1082, 0.1581],\n",
      "        [0.1390, 0.2369, 0.2326, 0.1242, 0.1108, 0.1565],\n",
      "        [0.1435, 0.2074, 0.2046, 0.1462, 0.1263, 0.1720],\n",
      "        [0.1526, 0.1958, 0.1975, 0.1367, 0.1879, 0.1295],\n",
      "        [0.1385, 0.2184, 0.2128, 0.1420, 0.0988, 0.1896]])\n"
     ]
    }
   ],
   "source": [
    "attn_weights = torch.softmax(attn_scores, dim=-1)\n",
    "print(attn_weights)"
   ]
  },
  {
   "cell_type": "code",
   "execution_count": 14,
   "id": "4ddd66ac-8e72-4558-9472-aa6f2655a516",
   "metadata": {},
   "outputs": [
    {
     "name": "stdout",
     "output_type": "stream",
     "text": [
      "tensor([[0.4421, 0.5931, 0.5790],\n",
      "        [0.4419, 0.6515, 0.5683],\n",
      "        [0.4431, 0.6496, 0.5671],\n",
      "        [0.4304, 0.6298, 0.5510],\n",
      "        [0.4671, 0.5910, 0.5266],\n",
      "        [0.4177, 0.6503, 0.5645]])\n"
     ]
    }
   ],
   "source": [
    "all_context_vecs = attn_weights @ inputs\n",
    "print(all_context_vecs)"
   ]
  },
  {
   "cell_type": "code",
   "execution_count": null,
   "id": "81da5ddb-bd19-4991-afab-78fa0565eec6",
   "metadata": {},
   "outputs": [],
   "source": []
  }
 ],
 "metadata": {
  "kernelspec": {
   "display_name": "Python (venv-tiktoken)",
   "language": "python",
   "name": "venv-tiktoken"
  },
  "language_info": {
   "codemirror_mode": {
    "name": "ipython",
    "version": 3
   },
   "file_extension": ".py",
   "mimetype": "text/x-python",
   "name": "python",
   "nbconvert_exporter": "python",
   "pygments_lexer": "ipython3",
   "version": "3.14.2"
  }
 },
 "nbformat": 4,
 "nbformat_minor": 5
}
